0,310
0,305
0,308
0,307
0,302
0,304
0,303
0,12
0,507
0,10
0,8
0,0
0,553
0,419
0,300
0,504
0,418
0,299
0,544
0,417
0,298
0,557
0,416
0,297
0,558
0,415
0,296
0,552
0,414
0,295
0,556
0,413
0,294
0,420
0,412
0,293
0,366
0,411
0,292
0,318
0,410
0,291
0,513
0,409
0,290
0,546
0,407
0,289
0,501
0,406
0,288
0,542
0,405
0,287
0,532
0,404
0,286
0,336
0,403
0,285
0,550
0,402
0,284
0,511
0,401
0,283
0,531
0,400
0,282
0,468
0,399
0,281
0,349
0,398
0,280
0,569
0,397
0,279
0,464
0,396
0,278
0,529
0,395
0,277
0,545
0,394
0,276
0,560
0,393
0,275
0,530
0,392
0,274
0,391
0,273
0,554
0,390
0,272
0,463
0,389
0,271
0,509
0,388
0,270
0,387
0,269
0,335
0,386
0,268
0,522
0,385
0,267
0,503
0,384
0,266
0,568
0,383
0,265
0,521
0,382
0,264
0,535
0,381
0,263
0,526
0,380
0,262
0,536
0,379
0,261
0,494
0,378
0,260
0,328
0,377
0,259
0,500
0,376
0,258
0,505
0,375
0,257
0,518
0,374
0,256
0,457
0,373
0,255
0,502
0,372
0,254
0,346
0,371
0,253
0,422
0,370
0,252
0,488
0,369
0,251
0,490
0,368
0,250
0,574
0,471
0,249
0,489
0,367
0,248
0,485
0,572
0,247
0,484
0,432
0,246
0,452
0,364
0,245
0,444
0,470
0,244
0,543
0,483
0,242
0,456
0,363
0,241
0,319
0,362
0,240
0,408
0,436
0,446
1,1
0,492
0,497
0,510
0,549
0,551
0,561
0,567
2,4
3,0
3,3
1227,1
1227,2
1228,0
1228,1
1228,3
1229,0
1229,1
1229,3
1229,4
1230,0
1230,1
1230,3
1230,5
1230,6
1231,1
1231,2
1232,0
1232,2
1232,3
1233,1
1233,2
1233,4
1234,1
1234,2
1235,0
1235,1
1235,3
1236,0
1236,2
1237,0
1237,1
1237,3
1238,0
1238,2
1239,0
1239,1
1239,3
1240,0
1240,2
1240,3
1241,1
1241,3
1242,0
1242,2
1242,3
1243,1
1243,3
1244,0
1244,2
1244,3
1245,1
1245,2
1248,0
1248,2
1248,3
1248,5
1251,0
1251,2
1251,4
1251,5
1253,1
1253,2
1253,4
1254,1
1254,2
1254,3
1254,0
1253,3
1253,0
1251,3
1251,1
1248,4
1248,1
1245,3
1245,0
1244,1
1243,2
1243,0
1242,1
1241,2
1241,0
1240,1
1239,2
1238,3
1238,1
1237,2
1236,3
1236,1
1235,2
1234,3
1234,0
1233,3
1233,0
1232,1
1231,3
1231,0
1230,4
1230,2
1229,5
1229,2
1228,4
1228,2
1227,3
1227,0
3,1
2,2
0,555
0,517
0,499
0,469
1,3
1,0
2,6
0,345
2,1
0,322
2,5
0,243
2,3
2,0
0,9
0,495
0,361
0,239
0,547
0,360
0,238
0,516
0,359
0,237
0,443
0,358
0,236
0,327
0,357
0,235
0,541
0,356
0,234
0,355
0,233
0,434
0,354
0,232
0,571
0,353
0,231
0,435
0,352
0,230
0,462
0,512
0,229
0,539
0,351
0,228
0,459
0,548
0,227
0,458
0,537
0,226
0,538
0,348
0,225
0,515
0,455
0,224
0,437
0,482
0,223
0,421
0,347
0,222
0,454
0,424
0,221
0,453
0,467
0,220
0,563
0,344
0,219
0,481
0,451
0,218
0,480
0,450
0,217
0,425
0,343
0,216
0,449
0,540
0,215
0,479
0,570
0,214
0,426
0,340
0,213
0,447
0,533
0,212
0,445
0,527
0,211
0,519
0,339
0,210
0,332
0,338
0,209
0,487
0,337
0,208
0,442
0,466
0,207
0,441
0,429
0,206
0,534
0,334
0,205
0,461
0,440
0,204
0,508
0,333
0,203
0,439
0,460
0,202
0,438
0,430
0,201
0,514
0,330
0,200
0,478
0,564
0,199
0,477
0,350
0,198
0,365
0,329
0,197
0,476
0,486
0,196
0,433
0,523
0,195
0,326
0,194
0,431
0,498
0,193
0,448
0,428
0,192
0,520
0,325
0,63
0,525
0,324
0,62
0,575
0,323
0,61
0,321
0,60
0,493
0,475
0,59
0,465
0,320
0,58
0,474
0,573
0,57
0,473
0,506
0,56
0,524
0,317
0,55
0,472
0,342
0,54
0,427
0,423
0,53
0,565
0,316
0,52
0,496
0,315
0,51
0,491
0,314
0,50
0,562
0,313
0,49
0,559
0,312
0,48
0,341
0,311
0,47
0,331
0,309
0,46
0,528
0,306
0,45
0,566
0,301
0,6
0,5
0,1
0,11
0,4
0,2
0,3
0,7
